[Result]
var = 0.00045204029364 0.000398481433096 0.000332558987306 0.000300571905056 0.000293917070584 0.000284104589141 0.00030389253904 0.000314658417786 0.000280328177343 0.000277521503563 0.000289024643319 0.00028967211413 0.000361893440618 0.000366369562048 0.000339414687202 0.00030620089079 0.000283195538203 0.000271460975586 0.000282347432211 0.000273435603585 0.000287842954563 0.000307777592626 0.000332238490712 0.000318931172228 0.00029096248824 0.00027640541934 0.000267162979244 0.000265480910437 0.00027380537595 0.000347945043357 0.000459156489794 0.00490147327509 0.00447724697579 0.00394670208018 0.00411658915016 0.00391625344801 0.00452691327237 0.00389877045828 0.00259828296432 0.00109795258152 0.000601297658136 0.000353979605374 0.000314061651844 0.000294631810083 0.000283921093555 0.00027947682508 0.000261375790629 0.000262986275037 0.000250148169457 0.000243843829733 0.000246250548487 0.000318357647399 0.000273217379372 0.000371938427988 0.000352961851454 0.000365291200924 0.000463997930977 0.000286460684301 0.000270209992587 0.000253382531527 0.000254814491139 0.000249950153702 0.0002584310006 0.000269185115573 0.000281886280357 0.000316710594436 0.000311665473432 0.000295779541603 0.000286334692153 0.000263208357919 0.000261854320606 0.00025660206088 0.000259633185514 0.00025586594142 0.000258783590388 0.000267898124505 0.000276880436012 0.00029374030129 0.000322570073696 0.000355323444892 0.000490255339592 0.000596670373041 0.000599072526058 0.000674034289933 0.000697000194329 0.000607291407759 0.000571660158445 0.000382421676295 0.000311969718139 0.000289184893771 0.000264262184789 0.000257459437685 0.000246043843311 0.000247164408717 0.000252603686823 0.000248220863878 0.000254029838638 0.000271617638638 0.000336072061049 0.000339529028717 0.000570780693113
pdf = 0.0754685331735 0.0765591862889 0.0793190352422 0.0815128461645 0.0839365067941 0.0843462253758 0.085226092305 0.0854672654444 0.0847971393477 0.0845710424491 0.0846120371209 0.0841270964239 0.0847623369863 0.0837686960816 0.0799960779573 0.0726651276686 0.0717795157984 0.0715610556645 0.0719873417179 0.0710370721454 0.0702691763605 0.0681844693155 0.0596983265016 0.0583954211055 0.0586750837316 0.0589536199817 0.0594077294802 0.0602454474319 0.0607275429943 0.0624567610957 0.0633439568045 0.444586962788 0.44912740457 0.465998212754 0.50307999089 0.496836440267 0.492497443443 0.349094295744 0.338238285738 0.32463717012 0.31771100317 0.319101233392 0.318849495406 0.318937684181 0.319083202098 0.31911464206 0.318726721208 0.31827006959 0.318291216609 0.318364291569 0.318372006933 0.318951773647 0.318293321117 0.316635113968 0.316616794544 0.316499874488 0.316029347044 0.317540187856 0.317930199178 0.318485200643 0.318830996494 0.319831746019 0.320410768248 0.320812122445 0.321118019911 0.321568365145 0.321534374325 0.321289852278 0.321000449483 0.319860582711 0.319564978244 0.319516812864 0.319444313691 0.319543488269 0.319578444866 0.319495704821 0.319657185501 0.319311508477 0.318958220513 0.318792970735 0.317986888423 0.0359296804395 0.036936059465 0.045396178693 0.0536752739321 0.0659279304431 0.0670951113864 0.078776778421 0.0814209708807 0.0823814553724 0.0822565465164 0.0818447785784 0.0826871960146 0.0836564666574 0.0842722944562 0.0843435813912 0.0846270638868 0.0852082471015 0.0865536754227 0.0864125705396 0.0888928142646
mpost = 2.51347948154e-76 1.1114870445e-42 0.000352240578903 0.0326152607184 0.124527212022 0.196169482502 0.214586461767 0.188261775646 0.143408390278 0.100079176488 0.0 0.0 0.0 0.0 0.0 0.0 0.0 0.0 0.0 0.0 0.0 0.0 0.0 0.0 0.0 0.0 0.0 0.0 0.0 0.0 0.0 0.0 0.0 0.0 0.0 0.0 0.0 0.0 0.0 0.0 0.0 0.0 0.0 0.0 0.0 0.0 0.0 0.0 0.0 0.0 0.0 0.0 0.0 0.0 0.0 0.0 0.0 0.0 0.0 0.0 0.0 0.0 0.0 0.0 0.0 0.0 0.0 0.0 0.0 0.0 0.0 0.0 0.0 0.0 0.0 0.0 0.0 0.0 0.0 0.0 0.0 0.0 0.0 0.0 0.0 0.0 0.0 0.0 0.0 0.0 0.0 0.0 0.0 0.0 0.0 0.0 0.0 0.0 0.0 0.0 0.0

