[Result]
var = 1.61274062517e-07 1.61274062517e-07 1.61274062517e-07 1.61274062517e-07 1.61274062517e-07 1.61274062517e-07 1.61274062517e-07 1.61274062517e-07 1.61274062517e-07 1.61274062517e-07 1.61274062517e-07 1.61274062517e-07 1.61274062517e-07 1.61274062517e-07 1.61274062517e-07 1.61274062517e-07 1.61274062517e-07 1.61274062517e-07 1.61274062517e-07 1.61274062517e-07 1.61274062517e-07 1.61274062517e-07 1.61274062517e-07 1.61274062517e-07 1.61274062517e-07 1.61274062524e-07 1.61274064804e-07 1.61274921054e-07 1.61359114706e-07 2.04166373134e-07 1.35852980477e-06 1.28413614895e-07 9.46049554902e-08 9.45872839824e-08 9.45872822901e-08 9.45872822901e-08 9.45872822901e-08 9.45872822901e-08 9.45872822901e-08 9.45872822901e-08 9.45872822901e-08 9.45872822901e-08 9.45872822901e-08 9.45872822901e-08 9.45872822901e-08 9.45872822901e-08 9.45872822901e-08 9.45872822901e-08 9.45872822901e-08 9.45872822901e-08 9.45872822901e-08 9.45872822901e-08 9.45872822901e-08 9.45872822901e-08 9.45872822901e-08 9.45872822901e-08 9.45872822901e-08 9.45872822901e-08 9.45872822901e-08 9.45872822901e-08 9.45872822901e-08 9.45872822901e-08 9.45872822901e-08 9.45872822901e-08 9.45872822901e-08 9.45872822901e-08 9.45872822901e-08 9.45872822901e-08 9.45872822901e-08 9.45872822902e-08 9.45872822903e-08 9.45872822904e-08 9.45872822908e-08 9.45872822912e-08 9.45872822994e-08 9.45872828375e-08 9.45872837279e-08 9.45910740981e-08 9.47158604503e-08 9.65638149464e-08 7.99755479576e-07 3.19089360864e-07 2.62745132576e-07 2.62718744448e-07 2.62718678827e-07 2.62718678628e-07 2.62718678619e-07 2.62718678619e-07 2.62718678619e-07 2.62718678619e-07 2.62718678619e-07 2.62718678619e-07 2.62718678619e-07 2.62718678619e-07 2.62718678619e-07 2.62718678619e-07 2.62718678619e-07 2.62718678619e-07 2.62718678619e-07 2.62718678619e-07 2.62718678619e-07
pdf = 0.00350983909168 0.00350983909168 0.00350983909168 0.00350983909168 0.00350983909168 0.00350983909168 0.00350983909168 0.00350983909168 0.00350983909168 0.00350983909168 0.00350983909168 0.00350983909168 0.00350983909168 0.00350983909168 0.00350983909168 0.00350983909168 0.00350983909168 0.00350983909168 0.00350983909168 0.00350983909168 0.00350983909168 0.00350983909168 0.00350983909168 0.00350983909168 0.00350983909168 0.00350983909168 0.00350983909187 0.00350983916345 0.0035098460744 0.00351330270927 0.00360526839403 0.0164113424672 0.0164140495708 0.0164140510309 0.016414051031 0.016414051031 0.016414051031 0.016414051031 0.016414051031 0.016414051031 0.016414051031 0.016414051031 0.016414051031 0.016414051031 0.016414051031 0.016414051031 0.016414051031 0.016414051031 0.016414051031 0.016414051031 0.016414051031 0.016414051031 0.016414051031 0.016414051031 0.016414051031 0.016414051031 0.016414051031 0.016414051031 0.016414051031 0.016414051031 0.016414051031 0.016414051031 0.016414051031 0.016414051031 0.016414051031 0.016414051031 0.016414051031 0.016414051031 0.016414051031 0.016414051031 0.016414051031 0.016414051031 0.016414051031 0.016414051031 0.016414051031 0.016414051031 0.0164140510309 0.0164140506838 0.0164140397007 0.0164138830542 0.0163566738493 0.00352689629647 0.00352247078414 0.00352246869455 0.0035224686893 0.00352246868928 0.00352246868928 0.00352246868928 0.00352246868928 0.00352246868928 0.00352246868928 0.00352246868928 0.00352246868928 0.00352246868928 0.00352246868928 0.00352246868928 0.00352246868928 0.00352246868928 0.00352246868928 0.00352246868928 0.00352246868928
mpost = 3.51657844213e-57 3.09123868495e-30 1.0 0.0 0.0 0.0 0.0 0.0 0.0 0.0 0.0 0.0 0.0 0.0 0.0 0.0 0.0 0.0 0.0 0.0 0.0 0.0 0.0 0.0 0.0 0.0 0.0 0.0 0.0 0.0 0.0 0.0 0.0 0.0 0.0 0.0 0.0 0.0 0.0 0.0 0.0 0.0 0.0 0.0 0.0 0.0 0.0 0.0 0.0 0.0 0.0 0.0 0.0 0.0 0.0 0.0 0.0 0.0 0.0 0.0 0.0 0.0 0.0 0.0 0.0 0.0 0.0 0.0 0.0 0.0 0.0 0.0 0.0 0.0 0.0 0.0 0.0 0.0 0.0 0.0 0.0 0.0 0.0 0.0 0.0 0.0 0.0 0.0 0.0 0.0 0.0 0.0 0.0 0.0 0.0 0.0 0.0 0.0 0.0 0.0 0.0

