[Result]
var = 1.77388314487e-07 1.76995800349e-07 1.76517477387e-07 1.76177162027e-07 1.75905903771e-07 1.75771949317e-07 1.75660277291e-07 1.75523212397e-07 1.75107630508e-07 1.74813545232e-07 1.74601416969e-07 1.74171348909e-07 1.73992651685e-07 1.73364503052e-07 1.71948928663e-07 1.70353904834e-07 1.70152258639e-07 1.70137475421e-07 1.70174101302e-07 1.70478550407e-07 1.70925525409e-07 1.72222275817e-07 1.76390121378e-07 1.77369673892e-07 1.77649557769e-07 1.77834130623e-07 1.77979470547e-07 1.78148737927e-07 1.78393192838e-07 1.89216962737e-07 5.52175482991e-07 1.2328116462e-05 1.22334396642e-05 1.2233917024e-05 1.22389542393e-05 1.25602312929e-05 1.33865030563e-05 1.07746176671e-05 8.13999253363e-06 4.17414381491e-06 1.68442329297e-06 1.4305722794e-06 1.10185397069e-06 9.78283569617e-07 9.09275572962e-07 8.39546408991e-07 6.73196640518e-07 5.41950224337e-07 5.04317347593e-07 4.8454961514e-07 4.67685708254e-07 4.59857217233e-07 4.29308910598e-07 3.95918756315e-07 3.86053824618e-07 3.80142148233e-07 3.76501724143e-07 3.75403611898e-07 3.74440385669e-07 3.73925632635e-07 3.73508246381e-07 3.73552608919e-07 3.73561043481e-07 3.73537101275e-07 3.73485825258e-07 3.73524116305e-07 3.73123205104e-07 3.7258149643e-07 3.7224549955e-07 3.72663776158e-07 3.73013247608e-07 3.73396657127e-07 3.73945829247e-07 3.74665793317e-07 3.75543099069e-07 3.76617978489e-07 3.7808538197e-07 3.80076578422e-07 3.82385437675e-07 3.86466367584e-07 9.54292347648e-07 4.41697782714e-07 3.55695593367e-07 3.42505045726e-07 3.26614696693e-07 3.02064438395e-07 2.99430012697e-07 2.81965380784e-07 2.79223992144e-07 2.78767523387e-07 2.78797374827e-07 2.78883383681e-07 2.7956618808e-07 2.8082195713e-07 2.81859602843e-07 2.822965251e-07 2.83031186742e-07 2.84387656639e-07 2.87399724404e-07 2.87960178529e-07 2.93941838355e-07
pdf = 0.00351750125332 0.00351753046391 0.00351773035411 0.00351790467406 0.00351807308426 0.00351808042939 0.00351809936285 0.00351802552571 0.00351767477297 0.00351738135908 0.00351713094217 0.00351654554406 0.00351623629304 0.00351497651901 0.00351138870952 0.00350529220679 0.00350372868255 0.00350290952407 0.00350246153476 0.00350118484493 0.00349995070317 0.00349757624754 0.00349217285806 0.00349090018316 0.00349055607251 0.0034903815344 0.00349031049324 0.00349031746859 0.00349034366314 0.00349132300377 0.00351772364904 0.0216460557437 0.0216516802625 0.0216512238624 0.021650130338 0.0215164337975 0.0212048104131 0.0181307312504 0.0173319931537 0.0164270246933 0.015930845655 0.0158734392945 0.0157968799446 0.0157647761984 0.0157451302948 0.0157242130671 0.0156745794246 0.0156333856154 0.0156202330427 0.0156127291721 0.0156059325551 0.0156025071273 0.0155890040808 0.015573436853 0.0155684363081 0.0155652277417 0.0155631161435 0.0155624309297 0.0155617782965 0.0155613724397 0.0155609899991 0.0155608754198 0.0155607045685 0.0155604733379 0.0155601759491 0.01555989834 0.0155590226737 0.0155574487794 0.0155555127998 0.0155516796997 0.0155496834837 0.0155486516467 0.0155478330987 0.0155474917469 0.0155471633043 0.0155466974328 0.0155466506323 0.0155459375555 0.0155454139853 0.0155451724451 0.0154957645142 0.00348059713134 0.00347376269699 0.00347933122527 0.00348755335762 0.00350263952144 0.00350521403719 0.00352337267893 0.00352833283519 0.00353034550808 0.00353086447313 0.00353117735613 0.00353247885698 0.00353404350717 0.00353502483375 0.00353536867862 0.00353581400626 0.0035364361666 0.00353743257415 0.00353757958671 0.00353843989952
mpost = 4.65272021343e-58 4.08996100917e-31 0.132308159479 0.867691840521 0.0 0.0 0.0 0.0 0.0 0.0 0.0 0.0 0.0 0.0 0.0 0.0 0.0 0.0 0.0 0.0 0.0 0.0 0.0 0.0 0.0 0.0 0.0 0.0 0.0 0.0 0.0 0.0 0.0 0.0 0.0 0.0 0.0 0.0 0.0 0.0 0.0 0.0 0.0 0.0 0.0 0.0 0.0 0.0 0.0 0.0 0.0 0.0 0.0 0.0 0.0 0.0 0.0 0.0 0.0 0.0 0.0 0.0 0.0 0.0 0.0 0.0 0.0 0.0 0.0 0.0 0.0 0.0 0.0 0.0 0.0 0.0 0.0 0.0 0.0 0.0 0.0 0.0 0.0 0.0 0.0 0.0 0.0 0.0 0.0 0.0 0.0 0.0 0.0 0.0 0.0 0.0 0.0 0.0 0.0 0.0 0.0

